desi_J223207.28+204909.01.fits 22:32:07.28+20:49:09.01 338.030331 20.81917 3.425 3.427 0.563 -15.812 0.444 12.9	  #II
desi_J002919.37+070603.22.fits 00:29:19.37+07:06:03.22 7.330711 7.100893 2.562 2.57 0.79 -26.793 0.059 10.1
desi_J004605.90+004327.85.fits 00:46:05.90+00:43:27.85 11.524568 0.724403 2.967 2.941 0.524 -10.249 0.346 3.1
desi_J010929.82+053407.56.fits 01:09:29.82+05:34:07.56 17.374257 5.568766 3.566 3.591 0.671 -21.547 0.126 5.8
desi_J013644.02+044039.11.fits 01:36:44.02+04:40:39.11 24.183414 4.677531 2.797 2.779 0.599 -13.178 0.219 4.9
desi_J021026.29+293525.17.fits 02:10:26.29+29:35:25.17 32.609522 29.590326 2.919 2.919 0.542 -11.015 0.164 4.2
desi_J021602.33+041357.30.fits 02:16:02.33+04:13:57.30 34.009712 4.232585 2.669 2.662 0.794 -28.051 0.106 8.4
desi_J022316.89-030721.38.fits 02:23:16.89-03:07:21.38 35.82039 -3.122606 2.583 2.585 0.581 -11.646 -0.078 4.1
desi_J024147.23+064454.18.fits 02:41:47.23+06:44:54.18 40.446787 6.748384 2.949 2.944 0.666 -18.198 0.083 6.7
desi_J032421.52-062702.65.fits 03:24:21.52-06:27:02.65 51.089669 -6.450735 2.54 2.541 0.68 -17.253 0.233 6.8
desi_J033635.84-011058.27.fits 03:36:35.84-01:10:58.27 54.149326 -1.182852 3.035 3.036 0.757 -26.599 0.061 5.2
desi_J034600.17-053409.47.fits 03:46:00.17-05:34:09.47 56.500709 -5.569297 2.982 2.973 0.704 -20.911 0.108 5.0
desi_J045601.21-041657.95.fits 04:56:01.21-04:16:57.95 74.005059 -4.282765 3.218 3.219 0.525 -10.905 0.247 4.5
desi_J075355.62+290205.64.fits 07:53:55.62+29:02:05.64 118.481734 29.0349 2.911 2.915 0.785 -28.722 0.015 3.6
desi_J075901.28+284703.43.fits 07:59:01.28+28:47:03.43 119.755351 28.784285 2.825 2.822 0.71 -20.972 0.242 17.7
desi_J082126.14+362606.11.fits 08:21:26.14+36:26:06.11 125.358911 36.43503 2.609 2.597 0.727 -21.082 0.225 8.7
desi_J084312.72+022117.36.fits 08:43:12.72+02:21:17.36 130.802987 2.354822 2.912 2.891 0.532 -25.426 0.175 13.7
desi_J093045.09+014846.65.fits 09:30:45.09+01:48:46.65 142.687876 1.812958 2.941 2.916 0.571 -30.338 0.19 13.5
desi_J103446.47-063542.34.fits 10:34:46.47-06:35:42.34 158.693615 -6.595094 2.704 2.7 0.704 -19.594 0.144 5.5
desi_J103759.51+075935.93.fits 10:37:59.51+07:59:35.93 159.497961 7.993313 2.883 2.883 0.691 -19.778 0.141 4.1
desi_J110741.92+055016.24.fits 11:07:41.92+05:50:16.24 166.924649 5.837845 2.699 2.698 0.608 -13.689 0.186 5.9
desi_J111036.03+021756.98.fits 11:10:36.03+02:17:56.98 167.65012 2.299161 3.297 3.299 0.593 -14.718 -0.014 3.8
desi_J114717.97+240032.89.fits 11:47:17.97+24:00:32.89 176.824885 24.009137 2.697 2.695 0.722 -21.031 0.189 5.0
desi_J120306.25-052730.05.fits 12:03:06.25-05:27:30.05 180.776045 -5.458346 2.926 2.922 0.635 -16.133 0.336 14.6
desi_J122539.38+342707.18.fits 12:25:39.38+34:27:07.18 186.414092 34.451994 2.676 2.678 0.822 -31.39 0.187 10.3
desi_J123602.12+001024.56.fits 12:36:02.12+00:10:24.56 189.008822 0.173488 3.033 3.033 0.682 -19.859 0.184 5.5
desi_J123844.63+052146.57.fits 12:38:44.63+05:21:46.57 189.685957 5.362935 2.728 2.738 0.526 -9.889 0.004 3.2
desi_J124827.04-035529.04.fits 12:48:27.04-03:55:29.04 192.112663 -3.924733 2.729 2.729 0.64 -15.591 0.056 4.3
desi_J125811.22+030159.83.fits 12:58:11.22+03:01:59.83 194.546747 3.033287 2.738 2.747 0.501 -8.836 0.038 3.3
desi_J131119.53+072627.49.fits 13:11:19.53+07:26:27.49 197.831371 7.440971 2.776 2.767 0.694 -19.425 0.16 8.7
desi_J131323.17+314644.99.fits 13:13:23.17+31:46:44.99 198.346529 31.779164 3.499 3.501 0.636 -18.1 0.131 4.6
desi_J131717.32+010913.66.fits 13:17:17.32+01:09:13.66 199.322185 1.153794 2.634 2.658 0.698 -19.294 0.159 8.7
desi_J133016.04+324437.79.fits 13:30:16.04+32:44:37.79 202.566827 32.74383 2.922 2.9 0.502 -9.267 0.374 6.9
desi_J133111.41+020608.99.fits 13:31:11.41+02:06:08.99 202.797543 2.102498 2.928 2.922 0.824 -34.182 0.172 7.3
desi_J140435.74+054342.38.fits 14:04:35.74+05:43:42.38 211.148919 5.728438 2.88 2.877 0.763 -26.256 0.189 6.6
desi_J141118.15+021512.00.fits 14:11:18.15+02:15:12.00 212.825616 2.253334 2.993 2.97 0.683 -19.149 0.294 10.2
desi_J142829.08-031106.82.fits 14:28:29.08-03:11:06.82 217.121167 -3.185227 3.051 3.049 0.515 -10.18 0.091 4.0
desi_J143042.91+054907.86.fits 14:30:42.91+05:49:07.86 217.678771 5.81885 2.831 2.838 0.8 -29.961 -0.021 4.5
desi_J145026.25+083248.90.fits 14:50:26.25+08:32:48.90 222.609384 8.546917 2.595 2.592 0.591 -12.385 0.164 9.2
desi_J145525.86+063351.84.fits 14:55:25.86+06:33:51.84 223.857768 6.564399 2.837 2.839 0.739 -23.53 0.058 6.5
desi_J150331.59+353211.37.fits 15:03:31.59+35:32:11.37 225.881639 35.536493 2.716 2.718 0.712 -20.376 0.168 6.5
desi_J150450.99+302245.26.fits 15:04:50.99+30:22:45.26 226.212466 30.379239 2.788 2.781 0.759 -24.688 -0.036 4.1
desi_J152202.55+100749.89.fits 15:22:02.55+10:07:49.89 230.510632 10.130524 2.835 2.831 0.678 -18.352 0.156 8.0
desi_J152303.56+005712.43.fits 15:23:03.56+00:57:12.43 230.764819 0.953452 2.87 2.862 0.594 -13.208 0.251 5.1
desi_J154620.43+424451.60.fits 15:46:20.43+42:44:51.60 236.585142 42.747666 3.322 3.324 0.559 -12.882 0.097 11.4
desi_J154652.79+064117.82.fits 15:46:52.79+06:41:17.82 236.719979 6.688285 2.853 2.869 0.535 -25.723 0.141 4.9
desi_J160638.53+333432.97.fits 16:06:38.53+33:34:32.97 241.660561 33.575824 3.084 3.086 0.539 -11.334 0.325 13.6
desi_J161148.69+095337.05.fits 16:11:48.69+09:53:37.05 242.952892 9.893625 2.621 2.62 0.604 -13.056 0.218 8.3
desi_J162850.94+434629.87.fits 16:28:50.94+43:46:29.87 247.212238 43.774963 2.601 2.595 0.746 -22.36 0.089 10.9
desi_J163648.39+365807.27.fits 16:36:48.39+36:58:07.27 249.201644 36.968686 2.787 2.784 0.512 -22.775 0.385 8.2
desi_J165615.05+174906.85.fits 16:56:15.05+17:49:06.85 254.062692 17.818571 2.91 2.909 0.618 -14.766 0.267 4.9
desi_J170355.42+331111.57.fits 17:03:55.42+33:11:11.57 255.98093 33.186547 2.752 2.734 0.66 -16.907 0.191 4.7
desi_J170615.68+375613.74.fits 17:06:15.68+37:56:13.74 256.565314 37.93715 2.84 2.831 0.802 -30.157 0.017 8.6
desi_J171919.07+172735.45.fits 17:19:19.07+17:27:35.45 259.829463 17.459848 2.799 2.799 0.594 -13.314 0.101 3.3
desi_J173117.65+144547.58.fits 17:31:17.65+14:45:47.58 262.823524 14.763218 2.774 2.765 0.617 -14.247 0.247 7.2
desi_J184522.91+531002.58.fits 18:45:22.91+53:10:02.58 281.345469 53.167382 2.846 2.842 0.706 -20.479 0.192 4.3
desi_J224652.40-103902.22.fits 22:46:52.40-10:39:02.22 341.718319 -10.650618 2.735 2.735 0.705 -19.766 0.181 4.6
desi_J225338.21+054807.14.fits 22:53:38.21+05:48:07.14 343.409225 5.801983 2.64 2.641 0.706 -19.404 0.074 5.7
desi_J232506.61+153929.39.fits 23:25:06.61+15:39:29.39 351.277549 15.658163 2.613 2.615 0.788 -27.22 -0.018 5.9
