desi_J000529.97+045652.92.fits 00:05:29.97+04:56:52.92 1.374859 4.948033 3.454 3.441 0.534 -14.089 0.353 4.6      #II
desi_J000552.60+155628.68.fits 00:05:52.60+15:56:28.68 1.469167 15.9413 3.669 3.672 0.504 -13.023 0.232 6.1	  #II
desi_J001129.82+103122.59.fits 00:11:29.82+10:31:22.59 2.874269 10.522942 3.241 3.229 0.565 -15.361 0.318 7.3	  #II
desi_J002707.20+263611.51.fits 00:27:07.20+26:36:11.51 6.780007 26.603198 2.779 2.781 0.582 -14.504 0.332 3.1	  #II
desi_J003544.40+060827.01.fits 00:35:44.40+06:08:27.01 8.935017 6.140837 3.372 3.348 0.548 -14.705 0.251 2.2	  #II
desi_J003842.38-155157.93.fits 00:38:42.38-15:51:57.93 9.676567 -15.866092 2.659 2.635 0.51 -10.659 0.102 17.5	  #II
desi_J005825.99+092923.93.fits 00:58:25.99+09:29:23.93 14.608293 9.489982 2.585 2.603 0.537 -11.679 0.336 3.4	  #II
desi_J010652.33+274615.34.fits 01:06:52.33+27:46:15.34 16.718047 27.770929 3.188 3.176 0.529 -12.928 0.179 5.4	  #II
desi_J011111.14-010500.86.fits 01:11:11.14-01:05:00.86 17.796419 -1.083572 3.105 3.09 0.537 -12.988 0.221 3.7	  #II
desi_J011253.17+184934.11.fits 01:12:53.17+18:49:34.11 18.221533 18.826141 3.29 3.272 0.556 -14.83 0.195 5.9	  #II
desi_J011748.12+044617.62.fits 01:17:48.12+04:46:17.62 19.450506 4.771562 3.826 3.805 0.519 -14.169 0.127 3.9	  #II
desi_J012336.94-010250.73.fits 01:23:36.94-01:02:50.73 20.903936 -1.047425 2.51 2.492 0.581 -13.563 0.341 4.4	  #II
desi_J012339.58+065459.58.fits 01:23:39.58+06:54:59.58 20.914917 6.916551 3.161 3.163 0.554 -14.488 0.095 9.1	  #II
desi_J012548.26-172041.02.fits 01:25:48.26-17:20:41.02 21.451087 -17.344728 4.176 4.162 0.54 -16.684 0.134 9.0	  #II
desi_J013053.31+215522.31.fits 01:30:53.31+21:55:22.31 22.722128 21.922863 2.97 2.96 0.509 -11.464 0.12 2.6	  #II
desi_J013452.46-103303.05.fits 01:34:52.46-10:33:03.05 23.718578 -10.550848 2.997 2.976 0.505 -11.281 0.305 4.8	  #II
desi_J013656.23+182414.93.fits 01:36:56.23+18:24:14.93 24.234295 18.404148 2.74 2.738 0.507 -10.518 0.276 2.4	  #II
desi_J014023.43-080138.75.fits 01:40:23.43-08:01:38.75 25.097643 -8.027431 2.679 2.658 0.502 -10.115 0.328 3.9	  #II
desi_J014130.41-173703.86.fits 01:41:30.41-17:37:03.86 25.376713 -17.617738 2.812 2.815 0.51 -10.792 0.471 8.2	  #II
desi_J014346.27+020004.39.fits 01:43:46.27+02:00:04.39 25.942778 2.001219 2.759 2.738 0.522 -11.254 0.391 3.3	  #II
desi_J015154.04-011843.21.fits 01:51:54.04-01:18:43.21 27.975157 -1.312002 3.15 3.148 0.51 -11.89 0.037 2.8	  #II
desi_J020144.46+103447.46.fits 02:01:44.46+10:34:47.46 30.435241 10.57985 2.674 2.653 0.52 -10.959 0.196 5.6	  #II
desi_J020539.58-130407.81.fits 02:05:39.58-13:04:07.81 31.414932 -13.068836 2.567 2.564 0.508 -10.077 0.385 13.6  #II
desi_J021155.31-125404.51.fits 02:11:55.31-12:54:04.51 32.980451 -12.901253 3.324 3.302 0.52 -12.879 0.41 6.3	  #II
desi_J022922.62-062022.81.fits 02:29:22.62-06:20:22.81 37.344238 -6.339669 2.834 2.812 0.565 -13.619 0.33 4.2	  #II
desi_J023135.66+070914.56.fits 02:31:35.66+07:09:14.56 37.898575 7.154044 4.107 4.108 0.507 -14.19 0.095 4.4	  #II
desi_J023740.53+144614.75.fits 02:37:40.53+14:46:14.75 39.418868 14.770763 2.56 2.557 0.515 -10.411 0.257 4.0	  #II
desi_J023914.11+275517.12.fits 02:39:14.11+27:55:17.12 39.808778 27.921424 2.642 2.633 0.501 -10.119 0.324 10.2	  #II
desi_J025813.38-051600.86.fits 02:58:13.38-05:16:00.86 44.555756 -5.266905 2.994 2.985 0.526 -12.195 0.318 3.2	  #II
desi_J030326.68-110644.65.fits 03:03:26.68-11:06:44.65 45.861173 -11.112402 2.667 2.686 0.505 -10.362 0.411 5.5	  #II
desi_J031109.67-074904.75.fits 03:11:09.67-07:49:04.75 47.790303 -7.817987 2.514 2.527 0.556 -12.506 0.226 5.4	  #II
desi_J031109.67-074904.75.fits 03:11:09.67-07:49:04.75 47.790303 -7.817987 2.514 2.527 0.556 -12.506 0.226 5.4	  #II
desi_J034630.34-072538.14.fits 03:46:30.34-07:25:38.14 56.626431 -7.427262 2.562 2.561 0.566 -13.117 0.235 20.1	  #II
desi_J035142.00-053946.77.fits 03:51:42.00-05:39:46.77 57.925015 -5.662991 3.309 3.335 0.531 -13.56 0.363 18.5	  #II
desi_J040029.76-142054.40.fits 04:00:29.76-14:20:54.40 60.123987 -14.348445 2.58 2.573 0.505 -10.009 0.448 17.0	  #II
desi_J040046.34-030952.00.fits 04:00:46.34-03:09:52.00 60.193075 -3.164445 3.885 3.89 0.531 -15.163 0.17 4.7	  #II
desi_J040437.07-025332.17.fits 04:04:37.07-02:53:32.17 61.154442 -2.892269 2.739 2.714 0.569 -13.617 0.224 8.7	  #II
desi_J044346.61-080817.30.fits 04:43:46.61-08:08:17.30 70.944206 -8.138138 2.534 2.532 0.508 -10.03 0.433 27.6	  #II
desi_J063019.88+603134.26.fits 06:30:19.88+60:31:34.26 97.582827 60.526185 2.981 3.002 0.501 -11.065 0.4 3.5	  #II
desi_J065843.19+562534.84.fits 06:58:43.19+56:25:34.84 104.679946 56.426343 2.613 2.589 0.525 -10.977 0.449 7.6	  #II
desi_J074714.65+694400.47.fits 07:47:14.65+69:44:00.47 116.811024 69.733463 2.885 2.88 0.521 -11.629 0.421 4.3	  #II
desi_J075328.57+420223.77.fits 07:53:28.57+42:02:23.77 118.369027 42.039937 2.632 2.615 0.562 -12.616 0.191 5.2	  #II
desi_J075523.32+193052.78.fits 07:55:23.32+19:30:52.78 118.847153 19.514661 2.701 2.68 0.518 -10.96 0.111 4.1	  #II
desi_J080826.02+435652.22.fits 08:08:26.02+43:56:52.22 122.108414 43.947838 2.843 2.83 0.501 -10.622 0.357 3.1	  #II
desi_J080842.76+180123.30.fits 08:08:42.76+18:01:23.30 122.178163 18.023138 2.985 2.973 0.503 -11.101 0.45 6.8	  #II
desi_J081614.21+035819.79.fits 08:16:14.21+03:58:19.79 124.059227 3.972164 3.698 3.682 0.526 -14.393 0.201 5.6	  #II
desi_J082118.24+235133.68.fits 08:21:18.24+23:51:33.68 125.325983 23.859356 2.882 2.898 0.524 -11.778 0.425 15.0  #II
desi_J083051.92+130253.52.fits 08:30:51.92+13:02:53.52 127.716335 13.0482 4.089 4.061 0.502 -13.895 0.281 3.4	  #II
desi_J083631.59+152120.61.fits 08:36:31.59+15:21:20.61 129.131636 15.355724 3.144 3.15 0.544 -13.679 0.388 7.4	  #II
desi_J084230.18+333818.55.fits 08:42:30.18+33:38:18.55 130.625761 33.638485 2.739 2.734 0.532 -11.816 0.294 4.6	  #II
desi_J084947.17-001900.00.fits 08:49:47.17-00:19:00.00 132.44655 -0.316665 2.564 2.57 0.506 -10.13 0.28 2.4	  #II
desi_J085122.76+131539.36.fits 08:51:22.76+13:15:39.36 132.844838 13.260933 3.055 3.069 0.513 -11.794 0.106 3.8	  #II
desi_J085305.49+154708.45.fits 08:53:05.49+15:47:08.45 133.272888 15.785682 2.618 2.6 0.612 -15.841 0.113 5.3	  #II
desi_J085355.93-020531.34.fits 08:53:55.93-02:05:31.34 133.483047 -2.09204 2.696 2.672 0.511 -10.554 0.428 3.0	  #II
desi_J085502.18+420937.24.fits 08:55:02.18+42:09:37.24 133.759094 42.160345 2.757 2.766 0.501 -10.311 0.234 3.4	  #II
desi_J091942.18+062510.74.fits 09:19:42.18+06:25:10.74 139.925745 6.41965 3.104 3.115 0.51 -11.839 0.348 5.9	  #II
desi_J092831.53+081542.56.fits 09:28:31.53+08:15:42.56 142.131384 8.261822 2.526 2.51 0.563 -12.612 0.394 8.5	  #II
desi_J092925.16+172456.17.fits 09:29:25.16+17:24:56.17 142.354836 17.415603 2.81 2.785 0.518 -11.275 0.416 7.9	  #II
desi_J094609.65+025553.76.fits 09:46:09.65+02:55:53.76 146.540213 2.9316 2.785 2.772 0.518 -11.313 0.426 15.3	  #II
desi_J094853.29-062604.80.fits 09:48:53.29-06:26:04.80 147.222031 -6.434668 3.786 3.765 0.606 -20.214 0.168 7.2	  #II
desi_J095133.82+370005.72.fits 09:51:33.82+37:00:05.72 147.890937 37.001588 2.574 2.558 0.53 -11.306 0.268 5.6	  #II
desi_J095650.82+170903.47.fits 09:56:50.82+17:09:03.47 149.211741 17.150964 2.917 2.897 0.558 -13.664 0.354 32.8  #II
desi_J095918.26-054937.87.fits 09:59:18.26-05:49:37.87 149.826075 -5.827186 2.521 2.513 0.503 -9.737 0.18 3.2	  #II
desi_J095920.03+040446.13.fits 09:59:20.03+04:04:46.13 149.833441 4.07948 2.694 2.674 0.518 -11.007 0.391 4.8	  #II
desi_J101920.43-045133.87.fits 10:19:20.43-04:51:33.87 154.835105 -4.859408 2.624 2.628 0.549 -12.274 0.458 8.4	  #II
desi_J102131.37+320919.32.fits 10:21:31.37+32:09:19.32 155.38072 32.155366 2.614 2.594 0.527 -10.993 0.335 16.1	  #II
desi_J102829.10+054525.03.fits 10:28:29.10+05:45:25.03 157.121239 5.756952 2.725 2.709 0.519 -11.056 0.25 3.7	  #II
desi_J103410.54-074409.83.fits 10:34:10.54-07:44:09.83 158.543907 -7.736063 2.629 2.605 0.524 -11.017 0.165 4.3	  #II
desi_J103446.28+313930.02.fits 10:34:46.28+31:39:30.02 158.692823 31.658339 3.989 3.962 0.506 -13.877 0.333 16.1  #II
desi_J103537.33-044249.28.fits 10:35:37.33-04:42:49.28 158.905538 -4.713689 2.535 2.517 0.576 -13.304 0.418 18.0  #II
desi_J103813.62-081723.58.fits 10:38:13.62-08:17:23.58 159.556752 -8.289883 4.48 4.479 0.506 -15.145 0.232 7.6	  #II
desi_J104902.08-035845.51.fits 10:49:02.08-03:58:45.51 162.258686 -3.97931 2.668 2.655 0.512 -10.541 0.287 5.5	  #II
desi_J105129.97-025002.66.fits 10:51:29.97-02:50:02.66 162.874892 -2.834072 3.217 3.207 0.532 -13.314 0.338 6.1	  #II
desi_J105145.08-081707.33.fits 10:51:45.08-08:17:07.33 162.937827 -8.285369 2.827 2.849 0.541 -12.648 0.179 2.0	  #II
desi_J105654.76-050900.12.fits 10:56:54.76-05:09:00.12 164.228176 -5.150034 2.913 2.918 0.602 -16.424 0.43 7.3	  #II
desi_J110156.27+570243.07.fits 11:01:56.27+57:02:43.07 165.484474 57.045297 2.684 2.665 0.577 -13.949 -0.012 2.9  #II
desi_J110252.90+011233.37.fits 11:02:52.90+01:12:33.37 165.720428 1.209269 3.583 3.554 0.575 -17.067 0.282 11.8	  #II
desi_J111350.68+085926.48.fits 11:13:50.68+08:59:26.48 168.46117 8.99069 2.78 2.803 0.575 -14.202 0.133 3.8	  #II
desi_J113111.14+053659.98.fits 11:31:11.14+05:36:59.98 172.796397 5.616662 2.807 2.785 0.53 -11.879 0.172 4.9	  #II
desi_J113356.36-015040.46.fits 11:33:56.36-01:50:40.46 173.484853 -1.844573 2.785 2.78 0.525 -11.628 0.153 3.9	  #II
desi_J113407.31+020536.63.fits 11:34:07.31+02:05:36.63 173.530454 2.093509 3.321 3.3 0.505 -12.139 0.339 5.1	  #II
desi_J113853.66+104552.89.fits 11:38:53.66+10:45:52.89 174.723573 10.764692 2.807 2.802 0.504 -10.644 0.186 4.8	  #II
desi_J113932.29+274651.07.fits 11:39:32.29+27:46:51.07 174.884539 27.780852 3.109 3.129 0.544 -13.782 0.418 9.8	  #II
desi_J114016.32-051553.70.fits 11:40:16.32-05:15:53.70 175.06799 -5.264916 2.735 2.711 0.619 -16.624 0.315 6.3	  #II
desi_J114148.24-024318.29.fits 11:41:48.24-02:43:18.29 175.450982 -2.721746 2.526 2.53 0.542 -11.564 0.081 5.6	  #II
desi_J114156.82+240838.33.fits 11:41:56.82+24:08:38.33 175.486743 24.143982 2.918 2.906 0.504 -10.977 0.374 14.0  #II
desi_J114208.33+375121.15.fits 11:42:08.33+37:51:21.15 175.534718 37.855874 2.574 2.575 0.508 -10.3 0.083 3.5	  #II
desi_J114317.13+142430.98.fits 11:43:17.13+14:24:30.98 175.821386 14.408605 3.743 3.74 0.558 -16.438 0.34 14.9	  #II
desi_J115130.17+020150.54.fits 11:51:30.17+02:01:50.54 177.875696 2.030706 2.662 2.681 0.538 -12.063 0.175 9.7	  #II
desi_J120403.03+082716.96.fits 12:04:03.03+08:27:16.96 181.012639 8.45471 2.564 2.541 0.544 -11.812 0.132 4.0	  #II
desi_J120901.17-041539.56.fits 12:09:01.17-04:15:39.56 182.254885 -4.260989 4.396 4.367 0.503 -14.681 0.142 11.4  #II
desi_J121247.67-035150.26.fits 12:12:47.67-03:51:50.26 183.198634 -3.863962 2.872 2.849 0.518 -11.523 0.126 3.1	  #II
desi_J121709.83+055031.73.fits 12:17:09.83+05:50:31.73 184.29097 5.842147 2.635 2.611 0.552 -12.549 0.385 7.2	  #II
desi_J123331.56+542649.78.fits 12:33:31.56+54:26:49.78 188.381514 54.44716 2.611 2.627 0.513 -10.799 0.387 4.3	  #II
desi_J130205.84+340939.42.fits 13:02:05.84+34:09:39.42 195.524328 34.160949 2.773 2.751 0.518 -11.088 0.364 26.9  #II
desi_J130256.22-052228.17.fits 13:02:56.22-05:22:28.17 195.734254 -5.374491 2.71 2.689 0.553 -12.752 -0.056 2.8	  #II
desi_J130436.34+002459.21.fits 13:04:36.34+00:24:59.21 196.151412 0.416448 3.182 3.203 0.523 -12.594 0.182 10.1	  #II
desi_J130608.23+333242.61.fits 13:06:08.23+33:32:42.61 196.534301 33.545168 2.809 2.813 0.524 -11.773 0.476 4.8	  #II
desi_J130609.47+314401.98.fits 13:06:09.47+31:44:01.98 196.539446 31.733883 2.599 2.607 0.514 -10.648 0.335 19.9  #II
desi_J130610.66+241233.68.fits 13:06:10.66+24:12:33.68 196.54441 24.209357 2.81 2.801 0.539 -12.337 0.206 3.2	  #II
desi_J132619.52+315145.18.fits 13:26:19.52+31:51:45.18 201.581313 31.862551 2.554 2.555 0.537 -11.47 0.247 2.8	  #II
desi_J132641.61+043658.00.fits 13:26:41.61+04:36:58.00 201.673394 4.61611 2.821 2.801 0.505 -10.699 0.217 2.1	  #II
desi_J132859.41+021031.13.fits 13:28:59.41+02:10:31.13 202.247546 2.175313 2.795 2.813 0.528 -11.78 0.476 11.9	  #II
desi_J133616.68+042707.27.fits 13:36:16.68+04:27:07.27 204.069486 4.45202 3.068 3.064 0.514 -11.77 0.432 4.2	  #II
desi_J134111.96+005744.40.fits 13:41:11.96+00:57:44.40 205.299832 0.962334 2.869 2.888 0.503 -10.721 0.44 10.8	  #II
desi_J134740.54+082811.51.fits 13:47:40.54+08:28:11.51 206.918897 8.469863 3.535 3.555 0.506 -12.756 0.356 5.8	  #II
desi_J134747.03+045106.12.fits 13:47:47.03+04:51:06.12 206.94597 4.851701 3.487 3.465 0.503 -12.258 0.166 12.4	  #II
desi_J134942.30-020336.23.fits 13:49:42.30-02:03:36.23 207.426268 -2.060063 2.886 2.863 0.542 -12.542 0.046 3.6	  #II
desi_J135031.55-030902.46.fits 13:50:31.55-03:09:02.46 207.63147 -3.150684 3.014 2.994 0.519 -11.877 0.165 4.7	  #II
desi_J135132.46+102147.80.fits 13:51:32.46+10:21:47.80 207.885235 10.363277 2.852 2.833 0.503 -10.677 0.458 10.5  #II
desi_J141304.96+001852.91.fits 14:13:04.96+00:18:52.91 213.270681 0.314696 2.568 2.55 0.507 -10.058 0.216 6.4	  #II
desi_J141437.99+533636.15.fits 14:14:37.99+53:36:36.15 213.658278 53.610043 2.879 2.862 0.522 -11.826 0.371 3.8	  #II
desi_J141631.17-024252.21.fits 14:16:31.17-02:42:52.21 214.129886 -2.714503 2.96 2.934 0.507 -11.082 0.16 5.4	  #II
desi_J141834.48+313239.49.fits 14:18:34.48+31:32:39.49 214.643677 31.544302 2.691 2.682 0.517 -10.915 0.414 9.4	  #II
desi_J142052.02+312052.66.fits 14:20:52.02+31:20:52.66 215.216751 31.347962 2.899 2.897 0.614 -17.148 0.455 13.7  #II
desi_J142524.46+260810.06.fits 14:25:24.46+26:08:10.06 216.351907 26.136128 3.052 3.052 0.539 -13.192 0.374 6.3	  #II
desi_J142918.77-015538.21.fits 14:29:18.77-01:55:38.21 217.328226 -1.92728 2.564 2.557 0.519 -10.593 0.368 9.0	  #II
desi_J142949.37+330401.47.fits 14:29:49.37+33:04:01.47 217.455701 33.067076 2.822 2.806 0.543 -12.396 0.224 2.2	  #II
desi_J143041.15+142044.33.fits 14:30:41.15+14:20:44.33 217.671477 14.345647 2.651 2.632 0.502 -10.243 0.201 13.8  #II
desi_J143222.56+031220.29.fits 14:32:22.56+03:12:20.29 218.093984 3.205637 2.933 2.921 0.505 -11.026 0.216 2.5	  #II
desi_J143655.64+385833.33.fits 14:36:55.64+38:58:33.33 219.231832 38.975924 2.625 2.604 0.543 -11.905 0.154 3.5	  #II
desi_J144220.99+020526.37.fits 14:42:20.99+02:05:26.37 220.587449 2.090659 2.847 2.838 0.516 -11.248 0.156 2.0	  #II
desi_J144629.05+093732.68.fits 14:46:29.05+09:37:32.68 221.621026 9.625743 2.984 2.96 0.502 -11.074 0.476 8.4	  #II
desi_J144749.42-055513.36.fits 14:47:49.42-05:55:13.36 221.955898 -5.920377 2.804 2.798 0.587 -14.889 0.322 7.7	  #II
desi_J145322.78+021807.74.fits 14:53:22.78+02:18:07.74 223.34492 2.302149 3.767 3.74 0.56 -16.596 0.35 5.7	  #II
desi_J145629.49-033714.64.fits 14:56:29.49-03:37:14.64 224.122894 -3.620733 2.958 2.939 0.513 -11.415 0.385 4.9	  #II
desi_J150756.76+385530.55.fits 15:07:56.76+38:55:30.55 226.986505 38.925153 2.699 2.7 0.531 -11.489 0.382 4.3	  #II
desi_J151936.84+295820.04.fits 15:19:36.84+29:58:20.04 229.903482 29.972234 2.826 2.821 0.504 -10.789 0.161 22.4  #II
desi_J154027.06+415744.31.fits 15:40:27.06+41:57:44.31 235.112733 41.962309 2.799 2.806 0.529 -11.815 0.476 6.1	  #II
desi_J154141.99+020355.52.fits 15:41:41.99+02:03:55.52 235.424968 2.065422 2.918 2.91 0.51 -11.232 0.081 2.4	  #II
desi_J154350.08+071429.37.fits 15:43:50.08+07:14:29.37 235.958674 7.241492 3.317 3.307 0.542 -14.107 0.349 3.3	  #II
desi_J154533.65+062042.13.fits 15:45:33.65+06:20:42.13 236.390222 6.345035 2.851 2.867 0.549 -12.994 0.457 5.3	  #II
desi_J154639.49+135401.07.fits 15:46:39.49+13:54:01.07 236.664543 13.900297 3.15 3.163 0.512 -12.141 0.279 2.9	  #II
desi_J154856.32+332728.69.fits 15:48:56.32+33:27:28.69 237.234669 33.457969 3.095 3.096 0.51 -11.771 0.488 19.8	  #II
desi_J155744.21+191948.41.fits 15:57:44.21+19:19:48.41 239.434204 19.330114 2.612 2.613 0.547 -11.974 0.285 2.3	  #II
desi_J160026.35+490928.83.fits 16:00:26.35+49:09:28.83 240.109799 49.158009 2.642 2.64 0.537 -11.696 0.374 13.6	  #II
desi_J160103.86+341025.06.fits 16:01:03.86+34:10:25.06 240.266063 34.173629 2.974 2.957 0.528 -12.19 0.275 36.9	  #II
desi_J161226.28+003416.25.fits 16:12:26.28+00:34:16.25 243.109481 0.571181 3.084 3.077 0.6 -17.108 0.357 3.3	  #II
desi_J161516.47+552507.01.fits 16:15:16.47+55:25:07.01 243.818619 55.418613 2.58 2.573 0.547 -11.97 0.475 7.3	  #II
desi_J161921.64+002833.78.fits 16:19:21.64+00:28:33.78 244.840186 0.47605 2.894 2.875 0.522 -11.536 0.469 19.0	  #II
desi_J162059.80+405429.47.fits 16:20:59.80+40:54:29.47 245.249156 40.908185 2.509 2.501 0.625 -16.014 0.297 11.1  #II
desi_J162538.24+431234.25.fits 16:25:38.24+43:12:34.25 246.409314 43.209513 3.596 3.594 0.537 -14.622 0.187 8.7	  #II
desi_J162905.14+110956.13.fits 16:29:05.14+11:09:56.13 247.271433 11.165591 2.617 2.611 0.502 -10.146 0.324 3.7	  #II
desi_J162922.17+062231.37.fits 16:29:22.17+06:22:31.37 247.342377 6.375381 3.159 3.178 0.523 -12.598 0.377 7.8	  #II
desi_J163201.46+424018.14.fits 16:32:01.46+42:40:18.14 248.006096 42.671705 2.661 2.64 0.51 -10.464 0.37 7.3	  #II
desi_J164039.64+100724.28.fits 16:40:39.64+10:07:24.28 250.165173 10.123412 2.7 2.679 0.519 -11.064 0.151 3.3	  #II
desi_J164728.44+344134.05.fits 16:47:28.44+34:41:34.05 251.868498 34.692791 3.627 3.629 0.566 -16.686 0.122 6.2	  #II
desi_J164744.13+020407.04.fits 16:47:44.13+02:04:07.04 251.933865 2.068621 2.88 2.897 0.52 -11.674 0.248 6.7	  #II
desi_J164841.96+362824.07.fits 16:48:41.96+36:28:24.07 252.174821 36.473353 3.295 3.272 0.501 -11.702 0.24 4.2	  #II
desi_J165339.81+295411.28.fits 16:53:39.81+29:54:11.28 253.415863 29.903135 2.596 2.585 0.505 -10.017 0.384 4.3	  #II
desi_J165549.33+143251.24.fits 16:55:49.33+14:32:51.24 253.955536 14.547568 2.723 2.717 0.522 -11.277 0.378 17.4  #II
desi_J165639.50+283229.44.fits 16:56:39.50+28:32:29.44 254.164582 28.541511 3.74 3.736 0.556 -16.433 0.341 5.3	  #II
desi_J165656.28+101427.47.fits 16:56:56.28+10:14:27.47 254.234481 10.240963 2.711 2.702 0.514 -10.773 0.463 5.7	  #II
desi_J170832.74+315502.47.fits 17:08:32.74+31:55:02.47 257.136436 31.917354 3.134 3.133 0.533 -13.215 0.129 2.5	  #II
desi_J170955.04+540326.88.fits 17:09:55.04+54:03:26.88 257.479339 54.057466 2.721 2.708 0.504 -10.487 0.216 2.2	  #II
desi_J171014.62+271022.40.fits 17:10:14.62+27:10:22.40 257.560925 27.17289 2.896 2.912 0.508 -11.094 0.407 2.5	  #II
desi_J171320.25+131516.77.fits 17:13:20.25+13:15:16.77 258.334372 13.254658 2.575 2.572 0.504 -10.135 0.4 8.1	  #II
desi_J172136.40+334145.05.fits 17:21:36.40+33:41:45.05 260.40167 33.695847 3.02 3.02 0.529 -12.474 0.35 8.2	  #II
desi_J172531.07+454839.77.fits 17:25:31.07+45:48:39.77 261.379472 45.811048 3.04 3.045 0.502 -11.274 0.292 3.2	  #II
desi_J173929.28+561617.25.fits 17:39:29.28+56:16:17.25 264.871981 56.271458 3.209 3.209 0.508 -12.018 0.251 3.8	  #II
desi_J180831.39+624826.49.fits 18:08:31.39+62:48:26.49 272.130782 62.807357 3.394 3.365 0.558 -15.213 0.493 9.3	  #II
desi_J180947.62+294324.27.fits 18:09:47.62+29:43:24.27 272.448406 29.723408 3.086 3.061 0.52 -12.075 0.445 7.7	  #II
desi_J181922.76+352403.10.fits 18:19:22.76+35:24:03.10 274.844826 35.400861 2.611 2.621 0.51 -10.385 0.23 6.2	  #II
desi_J183722.54+510803.13.fits 18:37:22.54+51:08:03.13 279.343916 51.134202 2.68 2.704 0.519 -11.192 0.228 2.5	  #II
desi_J190646.17+615423.71.fits 19:06:46.17+61:54:23.71 286.692386 61.906587 2.657 2.651 0.506 -10.343 0.178 5.8	  #II
desi_J203555.36+035021.84.fits 20:35:55.36+03:50:21.84 308.980654 3.839399 2.727 2.706 0.503 -10.325 0.319 2.7	  #II
desi_J203720.11+001600.62.fits 20:37:20.11+00:16:00.62 309.333779 0.26684 3.055 3.029 0.501 -11.056 0.453 3.9	  #II
desi_J214614.84+051654.23.fits 21:46:14.84+05:16:54.23 326.561829 5.281732 2.985 2.963 0.566 -14.279 0.243 4.6	  #II
desi_J215157.98+070927.81.fits 21:51:57.98+07:09:27.81 327.991573 7.157724 2.635 2.633 0.511 -10.572 -0.033 2.3	  #II
desi_J220202.48+160803.99.fits 22:02:02.48+16:08:03.99 330.510334 16.134443 3.167 3.141 0.562 -14.651 0.203 4.8	  #II
desi_J222000.51+241429.05.fits 22:20:00.51+24:14:29.05 335.002144 24.241403 3.675 3.65 0.538 -15.0 0.272 7.9	  #II
desi_J222930.22+303216.05.fits 22:29:30.22+30:32:16.05 337.375933 30.53779 3.526 3.503 0.507 -12.701 0.217 3.5	  #II
desi_J223230.41-014502.04.fits 22:32:30.41-01:45:02.04 338.126713 -1.750567 2.833 2.807 0.531 -12.024 0.265 3.6	  #II
desi_J224645.95+122317.25.fits 22:46:45.95+12:23:17.25 341.691471 12.388124 3.596 3.626 0.518 -13.635 0.223 5.1	  #II
desi_J225835.88-064802.53.fits 22:58:35.88-06:48:02.53 344.6495 -6.800702 2.547 2.553 0.55 -12.01 0.324 5.0	  #II
desi_J225902.71+195424.68.fits 22:59:02.71+19:54:24.68 344.761277 19.906857 2.542 2.522 0.538 -11.442 0.388 5.7	  #II
desi_J230057.79+021250.48.fits 23:00:57.79+02:12:50.48 345.240809 2.214023 2.667 2.676 0.515 -10.721 0.279 3.1	  #II
desi_J231351.56+111311.53.fits 23:13:51.56+11:13:11.53 348.464835 11.21987 2.866 2.864 0.566 -13.805 0.152 2.2	  #II
desi_J231413.39+134400.28.fits 23:14:13.39+13:44:00.28 348.555777 13.733411 2.593 2.604 0.535 -11.624 0.092 2.9	  #II
desi_J231741.87+120526.23.fits 23:17:41.87+12:05:26.23 349.424455 12.09062 3.186 3.184 0.509 -11.931 0.166 6.3	  #II
desi_J235609.26-025637.83.fits 23:56:09.26-02:56:37.83 359.038566 -2.943842 2.602 2.614 0.524 -10.867 0.458 7.8	  #II
desi_J235820.01+072942.33.fits 23:58:20.01+07:29:42.33 359.583394 7.495091 2.872 2.888 0.509 -11.204 0.324 20.6   #II
desi_J000006.59-044237.33.fits 00:00:06.59-04:42:37.33 0.027473 -4.710371 3.99 3.991 0.507 -11.936 0.353 9.9
desi_J000503.50+003347.47.fits 00:05:03.50+00:33:47.47 1.264565 0.563186 3.583 3.59 0.552 -13.195 0.375 3.7
desi_J000529.97+045652.92.fits 00:05:29.97+04:56:52.92 1.374859 4.948033 3.454 3.441 0.539 -12.088 0.375 4.6
desi_J000712.06+070102.14.fits 00:07:12.06+07:01:02.14 1.800256 7.017262 2.965 2.977 0.535 -10.701 0.346 4.5
desi_J001032.78+113129.00.fits 00:10:32.78+11:31:29.00 2.636572 11.524723 2.623 2.621 0.52 -9.208 0.366 4.1
desi_J001129.82+103122.59.fits 00:11:29.82+10:31:22.59 2.874269 10.522942 3.241 3.229 0.622 -16.404 0.246 7.3
desi_J002012.90+294616.61.fits 00:20:12.90+29:46:16.61 5.053768 29.77128 3.252 3.228 0.521 -10.585 0.274 4.2
desi_J002445.48+013254.03.fits 00:24:45.48+01:32:54.03 6.189499 1.548341 2.917 2.902 0.529 -10.381 0.392 5.1
desi_J002547.58-094054.69.fits 00:25:47.58-09:40:54.69 6.448251 -9.681859 3.418 3.448 0.502 -10.4 0.351 8.0
desi_J002707.20+263611.51.fits 00:27:07.20+26:36:11.51 6.780007 26.603198 2.779 2.781 0.604 -13.661 0.332 3.1
desi_J003521.71-041921.88.fits 00:35:21.71-04:19:21.88 8.840465 -4.322744 2.514 2.53 0.579 -11.379 0.332 4.1
desi_J003612.66-121038.29.fits 00:36:12.66-12:10:38.29 9.052734 -12.177303 3.262 3.287 0.536 -11.66 0.363 4.1
desi_J003830.84+145254.17.fits 00:38:30.84+14:52:54.17 9.628518 14.881713 3.378 3.38 0.518 -10.87 0.35 8.9
desi_J003842.38-155157.93.fits 00:38:42.38-15:51:57.93 9.676567 -15.866092 2.659 2.635 0.601 -12.905 0.329 17.5
desi_J004609.88+302341.47.fits 00:46:09.88+30:23:41.47 11.541175 30.394852 2.818 2.809 0.504 -9.059 0.363 3.8
desi_J005825.99+092923.93.fits 00:58:25.99+09:29:23.93 14.608293 9.489982 2.585 2.603 0.527 -9.581 0.363 3.4
desi_J010652.33+274615.34.fits 01:06:52.33+27:46:15.34 16.718047 27.770929 3.188 3.176 0.501 -9.663 0.245 5.4
desi_J010928.52+071645.79.fits 01:09:28.52+07:16:45.79 17.368824 7.279387 2.568 2.591 0.531 -9.663 0.289 5.2
desi_J011111.14-010500.86.fits 01:11:11.14-01:05:00.86 17.796419 -1.083572 3.105 3.09 0.536 -11.047 0.364 3.7
desi_J011121.76-151539.51.fits 01:11:21.76-15:15:39.51 17.840651 -15.260975 2.512 2.513 0.516 -8.866 0.221 3.1
desi_J011253.17+184934.11.fits 01:12:53.17+18:49:34.11 18.221533 18.826141 3.29 3.272 0.594 -14.742 0.205 5.9
desi_J011516.32+173428.23.fits 01:15:16.32+17:34:28.23 18.817979 17.574508 2.844 2.823 0.511 -9.433 0.397 17.4
desi_J011748.12+044617.62.fits 01:17:48.12+04:46:17.62 19.450506 4.771562 3.826 3.805 0.54 -13.303 0.194 3.9
desi_J011757.45+004317.19.fits 01:17:57.45+00:43:17.19 19.489389 0.721442 2.67 2.65 0.507 -8.997 0.358 3.2
desi_J011830.30+155106.77.fits 01:18:30.30+15:51:06.77 19.62625 15.85188 3.658 3.662 0.552 -13.35 0.361 13.4
desi_J012336.94-010250.73.fits 01:23:36.94-01:02:50.73 20.903936 -1.047425 2.51 2.492 0.576 -11.315 0.344 4.4
desi_J012339.58+065459.58.fits 01:23:39.58+06:54:59.58 20.914917 6.916551 3.161 3.163 0.555 -12.349 0.076 9.1
desi_J012548.26-172041.02.fits 01:25:48.26-17:20:41.02 21.451087 -17.344728 4.176 4.162 0.526 -13.312 0.144 9.0
desi_J013235.27+111732.73.fits 01:32:35.27+11:17:32.73 23.146953 11.292424 3.311 3.282 0.532 -11.469 0.223 4.0
desi_J013452.46-103303.05.fits 01:34:52.46-10:33:03.05 23.718578 -10.550848 2.997 2.975 0.527 -10.592 0.296 4.8
desi_J013501.22+063822.74.fits 01:35:01.22+06:38:22.74 23.755099 6.63965 2.562 2.558 0.57 -11.316 0.322 3.7
desi_J014023.43-080138.75.fits 01:40:23.43-08:01:38.75 25.097643 -8.027431 2.679 2.658 0.558 -10.867 0.388 3.9
desi_J014839.57+095951.90.fits 01:48:39.57+09:59:51.90 27.164881 9.997749 3.704 3.715 0.502 -11.048 0.337 26.4
desi_J015140.58+191453.04.fits 01:51:40.58+19:14:53.04 27.919073 19.248067 2.591 2.584 0.52 -22.413 0.218 7.6
desi_J015633.28+075111.08.fits 01:56:33.28+07:51:11.08 29.13866 7.853077 3.136 3.109 0.553 -12.083 0.378 8.6
desi_J020144.46+103447.46.fits 02:01:44.46+10:34:47.46 30.435241 10.57985 2.674 2.698 0.541 -10.367 0.127 5.6
desi_J020643.63+010403.32.fits 02:06:43.63+01:04:03.32 31.681805 1.067588 2.653 2.64 0.534 -9.91 0.145 3.4
desi_J021944.79-031714.76.fits 02:19:44.79-03:17:14.76 34.936644 -3.287435 2.83 2.827 0.53 -10.128 0.391 3.7
desi_J022532.95-072058.45.fits 02:25:32.95-07:20:58.45 36.387302 -7.34957 2.692 2.67 0.557 -10.911 0.298 3.3
desi_J022758.82+025507.98.fits 02:27:58.82+02:55:07.98 36.995081 2.918884 2.979 2.957 0.511 -9.697 0.377 5.5
desi_J022922.62-062022.81.fits 02:29:22.62-06:20:22.81 37.344238 -6.339669 2.834 2.812 0.532 -10.214 0.345 4.2
desi_J023040.64-063832.54.fits 02:30:40.64-06:38:32.54 37.669337 -6.642372 2.505 2.489 0.53 -9.335 0.293 3.8
desi_J023135.66+070914.56.fits 02:31:35.66+07:09:14.56 37.898575 7.154044 4.107 4.108 0.588 -17.131 0.18 4.4
desi_J023547.78+251856.25.fits 02:35:47.78+25:18:56.25 38.949071 25.315626 2.98 2.955 0.542 -11.163 0.337 3.8
desi_J023740.53+144614.75.fits 02:37:40.53+14:46:14.75 39.418868 14.770763 2.56 2.558 0.538 -9.99 0.318 4.0
desi_J023756.22+063440.18.fits 02:37:56.22+06:34:40.18 39.484244 6.577829 2.726 2.741 0.508 -9.038 0.334 7.9
desi_J025339.85+023638.81.fits 02:53:39.85+02:36:38.81 43.416044 2.610782 2.588 2.6 0.508 -8.782 0.305 4.1
desi_J025431.46-035948.40.fits 02:54:31.46-03:59:48.40 43.631095 -3.996777 3.116 3.099 0.501 -9.677 0.391 3.9
desi_J025609.68+053749.06.fits 02:56:09.68+05:37:49.06 44.040336 5.630293 2.966 2.948 0.59 -13.477 0.3 3.9
desi_J025813.38-051600.86.fits 02:58:13.38-05:16:00.86 44.555756 -5.266905 2.994 2.985 0.527 -10.423 0.353 3.2
desi_J030050.38-005450.02.fits 03:00:50.38-00:54:50.02 45.209905 -0.913895 3.038 3.02 0.517 -10.151 0.152 6.1
desi_J030338.51+004745.51.fits 03:03:38.51+00:47:45.51 45.910441 0.795976 2.51 2.496 0.533 -9.574 0.216 8.8
desi_J031109.67-074904.75.fits 03:11:09.67-07:49:04.75 47.790303 -7.817987 2.514 2.527 0.522 -9.142 0.252 5.4
desi_J033440.01-133321.27.fits 03:34:40.01-13:33:21.27 53.66671 -13.555908 3.115 3.12 0.518 -10.449 0.382 3.6
desi_J034630.34-072538.14.fits 03:46:30.34-07:25:38.14 56.626431 -7.427262 2.562 2.562 0.582 -11.681 0.39 20.1
desi_J034821.94-064633.12.fits 03:48:21.94-06:46:33.12 57.091415 -6.775867 3.543 3.54 0.521 -11.431 0.276 5.2
desi_J035142.00-053946.77.fits 03:51:42.00-05:39:46.77 57.925015 -5.662991 3.309 3.335 0.523 -11.164 0.394 18.5
desi_J040046.34-030952.00.fits 04:00:46.34-03:09:52.00 60.193075 -3.164445 3.885 3.891 0.558 -14.58 0.172 4.7
desi_J040252.83-142437.62.fits 04:02:52.83-14:24:37.62 60.720112 -14.410449 2.503 2.502 0.543 -9.894 0.248 5.2
desi_J040437.07-025332.17.fits 04:04:37.07-02:53:32.17 61.154442 -2.892269 2.739 2.715 0.604 -13.43 0.202 8.7
desi_J041454.65-080039.22.fits 04:14:54.65-08:00:39.22 63.727707 -8.010894 3.432 3.42 0.518 -11.161 0.232 3.2
desi_J041621.33-024952.34.fits 04:16:21.33-02:49:52.34 64.088882 -2.831207 3.212 3.233 0.511 -10.29 0.367 9.0
desi_J042407.51-034603.86.fits 04:24:07.51-03:46:03.86 66.031279 -3.767739 3.596 3.582 0.503 -10.831 0.385 19.0
desi_J042710.30-154018.54.fits 04:27:10.30-15:40:18.54 66.792897 -15.671817 2.769 2.79 0.505 -9.131 0.291 4.4
desi_J043309.35-120143.13.fits 04:33:09.35-12:01:43.13 68.288958 -12.028647 4.085 4.097 0.527 -13.3 0.156 23.0
desi_J044014.10-011556.28.fits 04:40:14.10-01:15:56.28 70.058747 -1.265635 2.821 2.823 0.519 -9.67 0.325 4.5
desi_J045453.65-043119.90.fits 04:54:53.65-04:31:19.90 73.723553 -4.522196 3.601 3.628 0.566 -14.103 0.384 3.6
desi_J054456.46-201442.04.fits 05:44:56.46-20:14:42.04 86.235243 -20.245011 3.403 3.426 0.557 -13.217 0.333 4.5
desi_J065843.19+562534.84.fits 06:58:43.19+56:25:34.84 104.679946 56.426343 2.613 2.589 0.55 -10.445 0.354 7.6
desi_J072110.23+381947.35.fits 07:21:10.23+38:19:47.35 110.292644 38.32982 2.805 2.806 0.525 -10.004 0.333 3.6
desi_J072522.95+261708.51.fits 07:25:22.95+26:17:08.51 111.345643 26.285697 2.626 2.633 0.527 -9.567 0.386 3.6
desi_J073231.42+385027.24.fits 07:32:31.42+38:50:27.24 113.130906 38.8409 3.038 3.065 0.526 -10.761 0.27 5.1
desi_J074640.17+344624.84.fits 07:46:40.17+34:46:24.84 116.667362 34.773567 4.025 4.034 0.539 -13.723 0.208 11.7
desi_J074714.65+694400.47.fits 07:47:14.65+69:44:00.47 116.811024 69.733463 2.885 2.88 0.556 -11.581 0.388 4.3
desi_J075052.59+300334.20.fits 07:50:52.59+30:03:34.20 117.719145 30.059501 4.066 4.063 0.524 -13.02 0.256 9.7
desi_J075328.57+420223.77.fits 07:53:28.57+42:02:23.77 118.369027 42.039937 2.632 2.615 0.601 -12.582 0.26 5.2
desi_J075523.32+193052.78.fits 07:55:23.32+19:30:52.78 118.847153 19.514661 2.701 2.68 0.58 -11.955 0.343 4.1
desi_J075743.25+622300.58.fits 07:57:43.25+62:23:00.58 119.430225 62.383494 3.324 3.312 0.511 -10.551 0.192 5.7
desi_J080319.37+114238.57.fits 08:03:19.37+11:42:38.57 120.830713 11.710713 3.465 3.442 0.568 -13.729 0.294 13.2
desi_J080559.22+123000.41.fits 08:05:59.22+12:30:00.41 121.496758 12.500115 2.995 2.999 0.538 -10.982 0.334 8.5
desi_J081218.96+184636.69.fits 08:12:18.96+18:46:36.69 123.079016 18.776859 2.962 2.939 0.574 -12.46 0.337 6.0
desi_J081614.21+035819.79.fits 08:16:14.21+03:58:19.79 124.059227 3.972164 3.698 3.682 0.556 -13.936 0.25 5.6
desi_J082025.76+302708.87.fits 08:20:25.76+30:27:08.87 125.10733 30.452465 3.328 3.355 0.519 -11.082 0.386 3.3
desi_J082557.65+123853.55.fits 08:25:57.65+12:38:53.55 126.490215 12.648209 2.986 2.987 0.505 -9.567 0.334 5.1
desi_J082625.11+111027.09.fits 08:26:25.11+11:10:27.09 126.604612 11.174191 2.528 2.511 0.505 -8.465 0.312 8.0
desi_J082840.67+360425.16.fits 08:28:40.67+36:04:25.16 127.169452 36.073657 2.527 2.544 0.509 -8.73 0.346 3.8
desi_J083010.40+110657.71.fits 08:30:10.40+11:06:57.71 127.543342 11.116031 3.212 3.2 0.551 -12.264 0.236 3.3
desi_J083012.60+012616.72.fits 08:30:12.60+01:26:16.72 127.552509 1.437978 2.713 2.688 0.53 -9.816 0.383 16.2
desi_J083051.92+130253.52.fits 08:30:51.92+13:02:53.52 127.716335 13.0482 4.089 4.061 0.505 -12.056 0.333 3.4
desi_J083158.49+233201.66.fits 08:31:58.49+23:32:01.66 127.993712 23.533794 2.696 2.673 0.51 -8.967 0.382 10.8
desi_J083631.59+152120.61.fits 08:36:31.59+15:21:20.61 129.131636 15.355724 3.144 3.15 0.582 -13.623 0.339 7.4
desi_J084230.18+333818.55.fits 08:42:30.18+33:38:18.55 130.625761 33.638485 2.739 2.734 0.585 -12.372 0.349 4.6
desi_J084420.98+092528.70.fits 08:44:20.98+09:25:28.70 131.087431 9.424638 2.562 2.579 0.51 -8.896 0.279 3.3
desi_J085115.44+404302.00.fits 08:51:15.44+40:43:02.00 132.814331 40.717221 2.956 2.943 0.529 -10.369 0.372 5.7
desi_J085122.76+131539.36.fits 08:51:22.76+13:15:39.36 132.844838 13.260933 3.055 3.069 0.509 -10.005 0.24 3.8
desi_J085305.49+154708.45.fits 08:53:05.49+15:47:08.45 133.272888 15.785682 2.618 2.6 0.621 -14.048 0.157 5.3
desi_J085502.18+420937.24.fits 08:55:02.18+42:09:37.24 133.759094 42.160345 2.757 2.766 0.513 -9.374 0.27 3.4
desi_J085538.82+182446.70.fits 08:55:38.82+18:24:46.70 133.91174 18.412971 2.929 2.909 0.519 -10.015 0.305 3.7
desi_J090132.38+122209.03.fits 09:01:32.38+12:22:09.03 135.38493 12.369174 2.789 2.793 0.564 -11.57 0.384 11.5
desi_J090230.94+074502.59.fits 09:02:30.94+07:45:02.59 135.62893 7.750719 2.791 2.796 0.509 -9.274 0.288 3.4
desi_J090322.01+012156.98.fits 09:03:22.01+01:21:56.98 135.841704 1.365828 3.312 3.289 0.559 -12.839 0.332 6.7
desi_J090340.46+185817.60.fits 09:03:40.46+18:58:17.60 135.918563 18.971555 2.65 2.673 0.512 -9.035 0.228 3.4
desi_J090602.25+104046.38.fits 09:06:02.25+10:40:46.38 136.509356 10.679551 3.86 3.827 0.507 -11.509 0.347 16.2
desi_J091032.03+002942.35.fits 09:10:32.03+00:29:42.35 137.633451 0.495099 3.75 3.745 0.52 -11.949 0.288 8.7
desi_J091522.95+103939.73.fits 09:15:22.95+10:39:39.73 138.84564 10.661036 2.998 2.986 0.52 -10.135 0.33 3.6
desi_J091833.41+565116.88.fits 09:18:33.41+56:51:16.88 139.639196 56.854689 2.937 2.929 0.53 -10.435 0.36 3.6
desi_J091942.18+062510.74.fits 09:19:42.18+06:25:10.74 139.925745 6.41965 3.104 3.115 0.518 -10.407 0.352 5.9
desi_J092032.64+112028.26.fits 09:20:32.64+11:20:28.26 140.135998 11.341183 3.514 3.516 0.512 -11.066 0.334 8.8
desi_J092404.14+021148.93.fits 09:24:04.14+02:11:48.93 141.017232 2.196925 3.231 3.217 0.578 -13.587 0.347 9.0
desi_J092417.52-022306.94.fits 09:24:17.52-02:23:06.94 141.072981 -2.385262 3.791 3.773 0.516 -11.883 0.376 9.3
desi_J092830.55-035138.20.fits 09:28:30.55-03:51:38.20 142.127293 -3.860612 2.533 2.531 0.551 -10.135 0.393 9.4
desi_J092847.67-002203.87.fits 09:28:47.67-00:22:03.87 142.198622 -0.367743 2.758 2.783 0.536 -10.464 0.292 10.3
desi_J093644.83-025333.22.fits 09:36:44.83-02:53:33.22 144.186804 -2.89256 2.638 2.657 0.508 -8.883 0.394 16.0
desi_J094711.25+375830.43.fits 09:47:11.25+37:58:30.43 146.796896 37.975121 3.635 3.643 0.504 -10.973 0.361 4.4
desi_J094853.29-062604.80.fits 09:48:53.29-06:26:04.80 147.222031 -6.434668 3.786 3.765 0.618 -18.148 0.198 7.2
desi_J094943.93-070941.66.fits 09:49:43.93-07:09:41.66 147.433053 -7.161573 2.645 2.659 0.503 -8.726 0.349 7.3
desi_J095133.82+370005.72.fits 09:51:33.82+37:00:05.72 147.890937 37.001588 2.574 2.558 0.51 -8.838 0.351 5.6
desi_J095330.60-025528.20.fits 09:53:30.60-02:55:28.20 148.377518 -2.924499 3.016 3.02 0.507 -9.717 0.281 3.5
desi_J095918.26-054937.87.fits 09:59:18.26-05:49:37.87 149.826075 -5.827186 2.521 2.513 0.578 -11.41 0.23 3.2
desi_J095920.03+040446.13.fits 09:59:20.03+04:04:46.13 149.833441 4.07948 2.694 2.675 0.562 -11.126 0.367 4.8
desi_J100718.66+121654.28.fits 10:07:18.66+12:16:54.28 151.827763 12.281744 3.049 3.075 0.534 -10.964 0.363 3.7
desi_J101640.32+105713.03.fits 10:16:40.32+10:57:13.03 154.168012 10.95362 2.765 2.765 0.557 -11.154 0.323 3.6
desi_J102623.63+002346.75.fits 10:26:23.63+00:23:46.75 156.598479 0.396319 2.776 2.77 0.539 -10.51 0.39 3.8
desi_J103410.54-074409.83.fits 10:34:10.54-07:44:09.83 158.543907 -7.736063 2.629 2.606 0.618 -13.59 0.104 4.3
desi_J103446.28+313930.02.fits 10:34:46.28+31:39:30.02 158.692823 31.658339 3.989 3.962 0.509 -11.99 0.369 16.1
desi_J103813.62-081723.58.fits 10:38:13.62-08:17:23.58 159.556752 -8.289883 4.48 4.48 0.504 -12.886 0.24 7.6
desi_J103831.94+314357.38.fits 10:38:31.94+31:43:57.38 159.633082 31.732606 3.683 3.682 0.511 -11.407 0.303 7.0
desi_J104005.78-002617.66.fits 10:40:05.78-00:26:17.66 160.024092 -0.438239 2.792 2.77 0.509 -9.151 0.378 5.3
desi_J104802.70+042245.23.fits 10:48:02.70+04:22:45.23 162.01125 4.37923 2.834 2.824 0.525 -10.151 0.354 4.5
desi_J104849.05+443915.73.fits 10:48:49.05+44:39:15.73 162.20437 44.65437 3.887 3.854 0.54 -13.432 0.335 10.6
desi_J104902.08-035845.51.fits 10:49:02.08-03:58:45.51 162.258686 -3.97931 2.668 2.655 0.555 -10.806 0.27 5.5
desi_J105123.03+354534.29.fits 10:51:23.03+35:45:34.29 162.845975 35.759525 4.896 4.891 0.503 -13.745 0.314 8.9
desi_J105129.97-025002.66.fits 10:51:29.97-02:50:02.66 162.874892 -2.834072 3.217 3.207 0.62 -16.141 0.391 6.1
desi_J105601.81+265616.94.fits 10:56:01.81+26:56:16.94 164.007559 26.93804 3.192 3.169 0.543 -11.557 0.128 11.2
desi_J105654.76-050900.12.fits 10:56:54.76-05:09:00.12 164.228176 -5.150034 2.913 2.919 0.647 -16.523 0.37 7.3
desi_J110252.90+011233.37.fits 11:02:52.90+01:12:33.37 165.720428 1.209269 3.583 3.554 0.598 -15.854 0.297 11.8
desi_J111121.95+185638.81.fits 11:11:21.95+18:56:38.81 167.841476 18.944114 3.234 3.234 0.572 -13.403 0.25 4.3
desi_J111350.68+085926.48.fits 11:13:50.68+08:59:26.48 168.46117 8.99069 2.78 2.803 0.587 -12.745 0.184 3.8
desi_J112615.46+362726.51.fits 11:26:15.46+36:27:26.51 171.564403 36.457363 2.681 2.696 0.526 -9.756 0.266 4.8
desi_J112942.36+053330.38.fits 11:29:42.36+05:33:30.38 172.426504 5.558439 2.93 2.948 0.517 -9.936 0.34 6.2
desi_J112959.60+012650.34.fits 11:29:59.60+01:26:50.34 172.498353 1.447316 2.609 2.598 0.516 -9.082 0.284 5.9
desi_J113111.14+053659.98.fits 11:31:11.14+05:36:59.98 172.796397 5.616662 2.807 2.785 0.537 -10.363 0.239 4.9
desi_J113356.36-015040.46.fits 11:33:56.36-01:50:40.46 173.484853 -1.844573 2.785 2.781 0.574 -12.099 0.259 3.9
desi_J113853.66+104552.89.fits 11:38:53.66+10:45:52.89 174.723573 10.764692 2.807 2.802 0.515 -9.584 0.191 4.8
desi_J113932.29+274651.07.fits 11:39:32.29+27:46:51.07 174.884539 27.780852 3.109 3.128 0.542 -11.496 0.392 9.8
desi_J113957.55+011458.62.fits 11:39:57.55+01:14:58.62 174.989799 1.249616 3.377 3.404 0.514 -10.808 0.366 4.2
desi_J114016.32-051553.70.fits 11:40:16.32-05:15:53.70 175.06799 -5.264916 2.735 2.711 0.67 -17.419 0.249 6.3
desi_J114112.41-012537.78.fits 11:41:12.41-01:25:37.78 175.301709 -1.427161 3.213 3.221 0.51 -10.25 0.286 8.3
desi_J114148.24-024318.29.fits 11:41:48.24-02:43:18.29 175.450982 -2.721746 2.526 2.53 0.637 -14.29 0.127 5.6
desi_J114208.33+375121.15.fits 11:42:08.33+37:51:21.15 175.534718 37.855874 2.574 2.575 0.538 -9.921 0.243 3.5
desi_J114317.13+142430.98.fits 11:43:17.13+14:24:30.98 175.821386 14.408605 3.743 3.74 0.606 -16.978 0.399 14.9
desi_J115130.17+020150.54.fits 11:51:30.17+02:01:50.54 177.875696 2.030706 2.662 2.681 0.539 -10.264 0.338 9.7
desi_J115949.83+004329.63.fits 11:59:49.83+00:43:29.63 179.957639 0.724897 2.709 2.725 0.527 -9.695 0.383 16.1
desi_J120120.39+040912.48.fits 12:01:20.39+04:09:12.48 180.334942 4.153467 3.216 3.225 0.503 -9.884 0.395 3.6
desi_J120132.29+071032.35.fits 12:01:32.29+07:10:32.35 180.384556 7.175654 2.518 2.527 0.516 -8.778 0.3 5.6
desi_J120403.03+082716.96.fits 12:04:03.03+08:27:16.96 181.012639 8.45471 2.564 2.541 0.594 -12.37 0.157 4.0
desi_J120846.27-040907.01.fits 12:08:46.27-04:09:07.01 182.19281 -4.151948 3.249 3.247 0.514 -10.498 0.306 6.3
desi_J120901.17-041539.56.fits 12:09:01.17-04:15:39.56 182.254885 -4.260989 4.396 4.367 0.605 -19.0 0.172 11.4
desi_J121247.67-035150.26.fits 12:12:47.67-03:51:50.26 183.198634 -3.863962 2.872 2.849 0.504 -9.285 0.077 3.1
desi_J122508.22+043109.57.fits 12:25:08.22+04:31:09.57 186.284257 4.519326 2.668 2.658 0.561 -10.994 0.39 5.8
desi_J122657.31+572309.48.fits 12:26:57.31+57:23:09.48 186.738806 57.385967 2.649 2.633 0.552 -10.608 0.286 4.5
desi_J123331.56+542649.78.fits 12:33:31.56+54:26:49.78 188.381514 54.44716 2.611 2.627 0.541 -10.279 0.387 4.3
desi_J123751.11+053123.58.fits 12:37:51.11+05:31:23.58 189.462952 5.523216 2.672 2.66 0.536 -9.941 0.288 13.6
desi_J123822.99+624055.21.fits 12:38:22.99+62:40:55.21 189.59579 62.682004 2.616 2.631 0.505 -8.734 0.275 3.6
desi_J125159.66+400804.91.fits 12:51:59.66+40:08:04.91 192.998579 40.134698 2.655 2.675 0.517 -9.393 0.232 3.1
desi_J130040.17+342809.15.fits 13:00:40.17+34:28:09.15 195.167379 34.469208 3.464 3.49 0.563 -13.602 0.23 6.0
desi_J130127.73-061135.12.fits 13:01:27.73-06:11:35.12 195.365524 -6.193088 2.924 2.912 0.514 -9.734 0.377 6.7
desi_J130205.84+340939.42.fits 13:02:05.84+34:09:39.42 195.524328 34.160949 2.773 2.752 0.531 -10.072 0.376 26.9
desi_J130351.18-042135.60.fits 13:03:51.18-04:21:35.60 195.963243 -4.35989 3.749 3.733 0.501 -11.038 0.295 3.8
desi_J130436.34+002459.21.fits 13:04:36.34+00:24:59.21 196.151412 0.416448 3.182 3.203 0.53 -11.127 0.174 10.1
desi_J130447.30+040943.06.fits 13:04:47.30+04:09:43.06 196.197101 4.161962 4.057 4.043 0.52 -12.786 0.18 5.7
desi_J130610.66+241233.68.fits 13:06:10.66+24:12:33.68 196.54441 24.209357 2.81 2.8 0.586 -12.907 0.345 3.2
desi_J130620.74+044156.93.fits 13:06:20.74+04:41:56.93 196.586406 4.699149 4.275 4.283 0.526 -13.674 0.309 12.4
desi_J131703.67-014618.01.fits 13:17:03.67-01:46:18.01 199.26528 -1.771671 2.912 2.909 0.514 -9.792 0.334 5.0
desi_J131923.91-002620.48.fits 13:19:23.91-00:26:20.48 199.849609 -0.439023 2.968 2.989 0.534 -10.734 0.293 39.9
desi_J133206.62-050312.51.fits 13:32:06.62-05:03:12.51 203.027591 -5.053475 2.707 2.7 0.509 -9.015 0.34 4.5
desi_J133236.73+001112.92.fits 13:32:36.73+00:11:12.92 203.153053 0.186921 3.851 3.879 0.515 -12.117 0.265 4.2
desi_J133946.14+454905.00.fits 13:39:46.14+45:49:05.00 204.942244 45.818056 3.592 3.589 0.512 -11.164 0.286 7.5
desi_J134747.03+045106.12.fits 13:47:47.03+04:51:06.12 206.94597 4.851701 3.487 3.465 0.512 -11.008 0.322 12.4
desi_J134942.30-020336.23.fits 13:49:42.30-02:03:36.23 207.426268 -2.060063 2.886 2.863 0.532 -10.374 0.144 3.6
desi_J135031.55-030902.46.fits 13:50:31.55-03:09:02.46 207.63147 -3.150684 3.014 2.994 0.538 -10.912 0.233 4.7
desi_J135622.25+240420.37.fits 13:56:22.25+24:04:20.37 209.092688 24.072324 3.233 3.257 0.547 -12.125 0.378 12.1
desi_J135636.13+030131.28.fits 13:56:36.13+03:01:31.28 209.150562 3.025357 3.865 3.837 0.526 -12.525 0.194 10.0
desi_J140059.86-015347.94.fits 14:00:59.86-01:53:47.94 210.249405 -1.89665 2.605 2.592 0.543 -10.065 0.365 6.5
desi_J140205.90+053549.64.fits 14:02:05.90+05:35:49.64 210.524572 5.597121 2.644 2.656 0.569 -11.537 0.094 5.2
desi_J140217.83-073814.01.fits 14:02:17.83-07:38:14.01 210.574301 -7.637226 2.629 2.645 0.514 -9.121 0.161 5.4
desi_J140318.59-063037.32.fits 14:03:18.59-06:30:37.32 210.827461 -6.510366 3.862 3.882 0.543 -13.646 0.374 5.1
desi_J140337.38+035211.77.fits 14:03:37.38+03:52:11.77 210.905758 3.869936 2.681 2.668 0.539 -10.29 0.344 6.2
desi_J140918.94+272339.14.fits 14:09:18.94+27:23:39.14 212.328905 27.394205 2.611 2.587 0.521 -9.261 0.22 4.4
desi_J141222.73-002134.60.fits 14:12:22.73-00:21:34.60 213.094717 -0.359612 2.528 2.524 0.54 -9.953 0.292 4.2
desi_J141304.96+001852.91.fits 14:13:04.96+00:18:52.91 213.270681 0.314696 2.568 2.55 0.51 -8.824 0.346 6.4
desi_J141356.99+024109.15.fits 14:13:56.99+02:41:09.15 213.487446 2.685874 2.773 2.751 0.514 -9.332 0.392 12.1
desi_J141415.37+030119.62.fits 14:14:15.37+03:01:19.62 213.564038 3.022116 2.596 2.586 0.506 -8.749 0.333 3.4
desi_J141437.99+533636.15.fits 14:14:37.99+53:36:36.15 213.658278 53.610043 2.879 2.862 0.502 -9.206 0.388 3.8
desi_J141459.65+321709.24.fits 14:14:59.65+32:17:09.24 213.748533 32.285901 3.107 3.105 0.507 -9.926 0.341 4.9
desi_J141539.13-062851.31.fits 14:15:39.13-06:28:51.31 213.913031 -6.480921 3.056 3.055 0.545 -11.484 0.197 3.5
desi_J141617.05+344744.71.fits 14:16:17.05+34:47:44.71 214.071051 34.795752 2.899 2.925 0.506 -9.495 0.27 4.5
desi_J141631.17-024252.21.fits 14:16:31.17-02:42:52.21 214.129886 -2.714503 2.96 2.935 0.545 -11.099 0.263 5.4
desi_J141924.14+523616.50.fits 14:19:24.14+52:36:16.50 214.850596 52.604583 2.866 2.866 0.604 -13.829 0.332 4.3
desi_J142000.94+060404.85.fits 14:20:00.94+06:04:04.85 215.003915 6.068014 3.284 3.269 0.513 -10.425 0.286 9.1
desi_J142004.70-024449.51.fits 14:20:04.70-02:44:49.51 215.019604 -2.747085 2.532 2.542 0.518 -9.069 0.397 9.6
desi_J142200.25+014027.99.fits 14:22:00.25+01:40:27.99 215.501043 1.67444 2.971 2.961 0.51 -9.699 0.196 3.5
desi_J142918.77-015538.21.fits 14:29:18.77-01:55:38.21 217.328226 -1.92728 2.564 2.557 0.53 -9.469 0.368 9.0
desi_J143041.15+142044.33.fits 14:30:41.15+14:20:44.33 217.671477 14.345647 2.651 2.632 0.524 -9.525 0.248 13.8
desi_J143655.64+385833.33.fits 14:36:55.64+38:58:33.33 219.231832 38.975924 2.625 2.604 0.561 -10.899 0.247 3.5
desi_J143743.78+262659.81.fits 14:37:43.78+26:26:59.81 219.432417 26.449946 2.687 2.711 0.506 -9.023 0.397 12.2
desi_J144117.46+035910.55.fits 14:41:17.46+03:59:10.55 220.322761 3.986264 4.283 4.275 0.51 -12.624 0.321 14.2
desi_J144705.32-051851.87.fits 14:47:05.32-05:18:51.87 221.772181 -5.31441 3.203 3.183 0.51 -10.11 0.142 3.1
desi_J144749.42-055513.36.fits 14:47:49.42-05:55:13.36 221.955898 -5.920377 2.804 2.798 0.634 -15.261 0.384 7.7
desi_J144826.82+002118.24.fits 14:48:26.82+00:21:18.24 222.111754 0.355067 2.685 2.685 0.541 -10.363 0.348 5.0
desi_J144907.50-025722.67.fits 14:49:07.50-02:57:22.67 222.281257 -2.956297 3.79 3.818 0.515 -12.062 0.219 9.5
desi_J145322.78+021807.74.fits 14:53:22.78+02:18:07.74 223.34492 2.302149 3.767 3.74 0.595 -16.339 0.355 5.7
desi_J145447.40+312801.55.fits 14:54:47.40+31:28:01.55 223.697483 31.467097 3.396 3.372 0.509 -10.592 0.342 4.8
desi_J145629.49-033714.64.fits 14:56:29.49-03:37:14.64 224.122894 -3.620733 2.958 2.939 0.538 -10.751 0.369 4.9
desi_J150136.19+002320.75.fits 15:01:36.19+00:23:20.75 225.400772 0.389098 3.174 3.191 0.513 -10.427 0.327 4.0
desi_J150756.76+385530.55.fits 15:07:56.76+38:55:30.55 226.986505 38.925153 2.699 2.7 0.547 -10.564 0.338 4.3
desi_J151227.98+233837.00.fits 15:12:27.98+23:38:37.00 228.116564 23.64361 2.872 2.854 0.527 -9.994 0.334 7.5
desi_J151353.01+063450.75.fits 15:13:53.01+06:34:50.75 228.470867 6.580764 3.44 3.457 0.529 -11.684 0.362 3.8
desi_J151936.84+295820.04.fits 15:19:36.84+29:58:20.04 229.903482 29.972234 2.826 2.821 0.507 -9.187 0.223 22.4
desi_J152129.47+322855.06.fits 15:21:29.47+32:28:55.06 230.372806 32.481961 2.988 2.977 0.52 -10.06 0.247 3.9
desi_J152258.91+002356.36.fits 15:22:58.91+00:23:56.36 230.745441 0.398988 5.087 5.065 0.531 -15.971 0.151 8.6
desi_J152951.74+061202.44.fits 15:29:51.74+06:12:02.44 232.465578 6.200677 3.077 3.071 0.528 -10.849 0.262 3.6
desi_J153236.79+275154.75.fits 15:32:36.79+27:51:54.75 233.153281 27.865208 4.161 4.176 0.512 -12.563 0.265 5.2
desi_J153657.43+232442.60.fits 15:36:57.43+23:24:42.60 234.239273 23.411833 2.516 2.52 0.512 -8.794 0.32 7.8
desi_J153743.44+174955.38.fits 15:37:43.44+17:49:55.38 234.43098 17.83205 2.654 2.636 0.539 -10.133 0.27 5.0
desi_J154052.62+284109.17.fits 15:40:52.62+28:41:09.17 235.219263 28.68588 2.583 2.606 0.502 -8.529 0.331 3.2
desi_J154343.35+030124.66.fits 15:43:43.35+03:01:24.66 235.930605 3.023517 3.499 3.494 0.561 -13.529 0.312 4.5
desi_J154350.08+071429.37.fits 15:43:50.08+07:14:29.37 235.958674 7.241492 3.317 3.307 0.615 -16.021 0.349 3.3
desi_J154502.82+023942.37.fits 15:45:02.82+02:39:42.37 236.261767 2.661771 3.292 3.297 0.516 -10.802 0.363 6.7
desi_J160046.53+195308.70.fits 16:00:46.53+19:53:08.70 240.193872 19.885749 3.354 3.326 0.524 -11.093 0.309 7.2
desi_J160438.80+025814.30.fits 16:04:38.80+02:58:14.30 241.161671 2.970639 3.521 3.527 0.523 -11.535 0.38 6.7
desi_J160547.51+555908.62.fits 16:05:47.51+55:59:08.62 241.44794 55.985729 3.353 3.353 0.564 -13.313 0.391 10.0
desi_J160811.08+433819.40.fits 16:08:11.08+43:38:19.40 242.046175 43.638722 2.87 2.845 0.523 -9.977 0.345 6.0
desi_J161010.14+385140.48.fits 16:10:10.14+38:51:40.48 242.542234 38.861243 3.497 3.519 0.521 -11.581 0.325 3.6
desi_J161226.28+003416.25.fits 16:12:26.28+00:34:16.25 243.109481 0.571181 3.084 3.078 0.638 -16.651 0.329 3.3
desi_J161310.63+210213.55.fits 16:13:10.63+21:02:13.55 243.294286 21.037097 3.39 3.413 0.564 -13.565 0.385 3.9
desi_J161509.14+560331.98.fits 16:15:09.14+56:03:31.98 243.788095 56.058883 2.532 2.528 0.507 -8.595 0.323 6.5
desi_J161838.17+192110.43.fits 16:18:38.17+19:21:10.43 244.659043 19.352896 3.529 3.53 0.508 -10.953 0.277 6.5
desi_J161953.25+310407.17.fits 16:19:53.25+31:04:07.17 244.971887 31.068659 3.113 3.138 0.507 -10.05 0.353 6.6
desi_J162022.84+521000.82.fits 16:20:22.84+52:10:00.82 245.095158 52.166893 2.566 2.588 0.534 -9.633 0.32 4.0
desi_J162059.80+405429.47.fits 16:20:59.80+40:54:29.47 245.249156 40.908185 2.509 2.501 0.636 -14.325 0.338 11.1
desi_J162538.24+431234.25.fits 16:25:38.24+43:12:34.25 246.409314 43.209513 3.596 3.595 0.587 -15.574 0.253 8.7
desi_J162905.14+110956.13.fits 16:29:05.14+11:09:56.13 247.271433 11.165591 2.617 2.611 0.519 -9.248 0.354 3.7
desi_J162922.17+062231.37.fits 16:29:22.17+06:22:31.37 247.342377 6.375381 3.159 3.178 0.524 -10.669 0.394 7.8
desi_J163124.40+425143.90.fits 16:31:24.40+42:51:43.90 247.851675 42.862195 2.943 2.931 0.55 -11.388 0.392 4.2
desi_J163659.07+412122.46.fits 16:36:59.07+41:21:22.46 249.246104 41.356238 3.774 3.743 0.517 -11.865 0.311 5.4
desi_J163829.14+002547.02.fits 16:38:29.14+00:25:47.02 249.621399 0.429729 3.696 3.709 0.503 -11.046 0.389 7.1
desi_J164728.44+344134.05.fits 16:47:28.44+34:41:34.05 251.868498 34.692791 3.627 3.629 0.608 -16.846 0.158 6.2
desi_J164841.96+362824.07.fits 16:48:41.96+36:28:24.07 252.174821 36.473353 3.295 3.272 0.543 -11.943 0.323 4.2
desi_J164935.75+082043.87.fits 16:49:35.75+08:20:43.87 252.398957 8.34552 3.895 3.868 0.523 -12.372 0.273 7.6
desi_J165042.59+010816.31.fits 16:50:42.59+01:08:16.31 252.677471 1.137864 3.658 3.634 0.507 -11.034 0.249 4.8
desi_J165639.50+283229.44.fits 16:56:39.50+28:32:29.44 254.164582 28.541511 3.74 3.737 0.553 -13.733 0.341 5.3
desi_J165704.72+264414.36.fits 16:57:04.72+26:44:14.36 254.269659 26.737322 2.838 2.849 0.579 -12.631 0.395 4.3
desi_J170222.45+401809.11.fits 17:02:22.45+40:18:09.11 255.59353 40.30253 2.595 2.601 0.523 -9.332 0.385 4.2
desi_J170226.44+045459.97.fits 17:02:26.44+04:54:59.97 255.610178 4.916659 3.664 3.674 0.617 -17.401 0.292 7.0
desi_J170418.24+384247.08.fits 17:04:18.24+38:42:47.08 256.075986 38.713079 2.637 2.641 0.525 -9.56 0.337 4.5
desi_J170731.36+234309.38.fits 17:07:31.36+23:43:09.38 256.88068 23.719272 2.623 2.634 0.501 -8.653 0.205 4.7
desi_J171606.41+140814.95.fits 17:16:06.41+14:08:14.95 259.026703 14.137487 3.304 3.327 0.506 -10.328 0.353 31.3
desi_J172037.96+262008.30.fits 17:20:37.96+26:20:08.30 260.158181 26.33564 2.847 2.824 0.548 -11.141 0.33 6.2
desi_J172136.40+334145.05.fits 17:21:36.40+33:41:45.05 260.40167 33.695847 3.02 3.02 0.504 -9.6 0.356 8.2
desi_J172238.05+372050.11.fits 17:22:38.05+37:20:50.11 260.658549 37.347252 3.538 3.526 0.515 -11.309 0.21 3.5
desi_J173929.28+561617.25.fits 17:39:29.28+56:16:17.25 264.871981 56.271458 3.209 3.209 0.558 -12.703 0.358 3.8
desi_J174355.79+355830.08.fits 17:43:55.79+35:58:30.08 265.982449 35.975021 3.351 3.329 0.503 -10.142 0.229 6.9
desi_J175306.16+345502.51.fits 17:53:06.16+34:55:02.51 268.275677 34.917364 3.019 3.04 0.516 -10.257 0.312 3.2
desi_J175649.53+264326.86.fits 17:56:49.53+26:43:26.86 269.206381 26.724127 2.565 2.551 0.567 -11.026 0.325 11.8
desi_J180831.39+624826.49.fits 18:08:31.39+62:48:26.49 272.130782 62.807357 3.394 3.365 0.556 -12.888 0.392 9.3
desi_J181922.76+352403.10.fits 18:19:22.76+35:24:03.10 274.844826 35.400861 2.611 2.62 0.501 -8.628 0.262 6.2
desi_J190646.17+615423.71.fits 19:06:46.17+61:54:23.71 286.692386 61.906587 2.657 2.651 0.519 -9.442 0.197 5.8
desi_J192747.62+681926.96.fits 19:27:47.62+68:19:26.96 291.94841 68.324154 3.162 3.136 0.526 -10.763 0.193 5.4
desi_J204043.57-035712.45.fits 20:40:43.57-03:57:12.45 310.181534 -3.953457 3.387 3.358 0.52 -11.104 0.371 5.0
desi_J205102.38-002801.20.fits 20:51:02.38-00:28:01.20 312.759906 -0.467 2.682 2.676 0.535 -9.906 0.398 4.9
desi_J211613.06+034717.56.fits 21:16:13.06+03:47:17.56 319.054423 3.788211 3.415 3.443 0.532 -11.904 0.358 4.7
desi_J214614.84+051654.23.fits 21:46:14.84+05:16:54.23 326.561829 5.281732 2.985 2.963 0.609 -14.524 0.298 4.6
desi_J215051.57-061428.97.fits 21:50:51.57-06:14:28.97 327.71489 -6.24138 3.475 3.503 0.505 -10.617 0.399 9.4
desi_J220202.48+160803.99.fits 22:02:02.48+16:08:03.99 330.510334 16.134443 3.167 3.141 0.624 -15.982 0.207 4.8
desi_J222000.51+241429.05.fits 22:20:00.51+24:14:29.05 335.002144 24.241403 3.675 3.651 0.559 -13.964 0.244 7.9
desi_J222930.22+303216.05.fits 22:29:30.22+30:32:16.05 337.375933 30.53779 3.526 3.503 0.513 -10.996 0.219 3.5
desi_J223230.41-014502.04.fits 22:32:30.41-01:45:02.04 338.126713 -1.750567 2.833 2.807 0.552 -11.169 0.353 3.6
desi_J224211.99-063314.15.fits 22:42:11.99-06:33:14.15 340.54994 -6.55393 2.84 2.816 0.523 -9.96 0.358 4.7
desi_J224645.95+122317.25.fits 22:46:45.95+12:23:17.25 341.691471 12.388124 3.596 3.626 0.539 -12.781 0.33 5.1
desi_J225835.88-064802.53.fits 22:58:35.88-06:48:02.53 344.6495 -6.800702 2.547 2.553 0.624 -13.707 0.344 5.0
desi_J225902.71+195424.68.fits 22:59:02.71+19:54:24.68 344.761277 19.906857 2.542 2.522 0.557 -10.673 0.282 5.7
desi_J230438.95+060336.23.fits 23:04:38.95+06:03:36.23 346.162293 6.060063 2.576 2.557 0.509 -8.853 0.398 13.6
desi_J230623.47+214255.01.fits 23:06:23.47+21:42:55.01 346.597793 21.71528 4.04 4.057 0.514 -12.541 0.256 4.7
desi_J231047.23-040929.43.fits 23:10:47.23-04:09:29.43 347.696774 -4.158175 3.082 3.082 0.502 -9.711 0.352 8.6
desi_J231543.57+145606.40.fits 23:15:43.57+14:56:06.40 348.931523 14.935112 3.373 3.399 0.53 -11.717 0.355 22.4
desi_J231548.41+162254.56.fits 23:15:48.41+16:22:54.56 348.951698 16.381821 3.734 3.718 0.531 -12.455 0.346 4.6
desi_J231636.29-081536.04.fits 23:16:36.29-08:15:36.04 349.151191 -8.260012 3.666 3.657 0.542 -12.938 0.385 5.9
desi_J231741.87+120526.23.fits 23:17:41.87+12:05:26.23 349.424455 12.09062 3.186 3.185 0.53 -11.015 0.22 6.3
desi_J232158.87-081042.42.fits 23:21:58.87-08:10:42.42 350.495274 -8.17845 2.655 2.654 0.55 -10.745 0.232 4.9
desi_J232356.78-072525.53.fits 23:23:56.78-07:25:25.53 350.986578 -7.423759 3.403 3.397 0.557 -12.944 0.185 3.4
desi_J232638.35+320106.14.fits 23:26:38.35+32:01:06.14 351.659783 32.018372 3.286 3.278 0.522 -10.847 0.297 4.3
desi_J233216.96+155049.96.fits 23:32:16.96+15:50:49.96 353.070652 15.847211 2.77 2.764 0.542 -10.405 0.007 3.8
desi_J234116.72+055816.49.fits 23:41:16.72+05:58:16.49 355.319654 5.971246 2.514 2.538 0.515 -8.872 0.257 4.9
desi_J234329.91-121852.70.fits 23:43:29.91-12:18:52.70 355.87462 -12.31464 2.874 2.853 0.503 -22.22 0.312 6.5
desi_J234750.33+094532.40.fits 23:47:50.33+09:45:32.40 356.959703 9.759001 2.674 2.671 0.535 -9.98 0.395 4.7
desi_J235406.31-002110.63.fits 23:54:06.31-00:21:10.63 358.526312 -0.352953 3.534 3.527 0.509 -10.879 0.27 11.5
desi_J235749.20+075438.01.fits 23:57:49.20+07:54:38.01 359.455 7.910557 2.586 2.59 0.512 -8.925 0.183 3.5
desi_J235820.01+072942.33.fits 23:58:20.01+07:29:42.33 359.583394 7.495091 2.872 2.887 0.525 -10.113 0.391 20.6
