desi_J144132.27-014429.49.fits 14:41:32.27-01:44:29.49 220.384475 -1.741524 2.972 2.949 0.515 -20.793 27.718 12.7
desi_J012654.46+113823.25.fits 01:26:54.46+11:38:23.25 21.726896 11.639792 2.581 2.602 0.56 -11.05 0.295 10.2
desi_J075749.30+164748.80.fits 07:57:49.30+16:47:48.80 119.455399 16.796888 2.869 2.866 0.674 -18.232 0.32 4.1
desi_J082020.88+340505.65.fits 08:20:20.88+34:05:05.65 125.087018 34.084902 2.994 2.971 0.642 -16.64 0.19 6.0
desi_J103725.04-032631.11.fits 10:37:25.04-03:26:31.11 159.354346 -3.441975 3.199 3.189 0.735 -24.993 0.145 3.6
desi_J110526.40-075401.50.fits 11:05:26.40-07:54:01.50 166.359995 -7.900416 3.0 2.983 0.712 -21.717 0.164 4.4
desi_J114430.80+250036.98.fits 11:44:30.80+25:00:36.98 176.128349 25.010272 2.687 2.688 0.658 -16.373 0.213 4.1
desi_J121809.42-042754.40.fits 12:18:09.42-04:27:54.40 184.539238 -4.465112 2.558 2.543 0.688 -17.719 0.267 6.5
desi_J125332.58+351205.33.fits 12:53:32.58+35:12:05.33 193.385747 35.201481 2.712 2.713 0.603 -13.512 0.058 3.2
desi_J142141.26+524551.52.fits 14:21:41.26+52:45:51.52 215.421897 52.764311 2.664 2.652 0.57 -11.66 0.274 6.6
desi_J151651.22+070018.18.fits 15:16:51.22+07:00:18.18 229.213405 7.00505 2.862 2.849 0.579 -12.562 0.174 4.3
desi_J170752.55+121120.65.fits 17:07:52.55+12:11:20.65 256.968961 12.189069 2.719 2.713 0.603 -13.182 0.24 4.9
desi_J171826.80+084327.78.fits 17:18:26.80+08:43:27.78 259.611664 8.724383 2.716 2.731 0.511 -9.3 0.3 5.8
desi_J180139.25+531918.03.fits 18:01:39.25+53:19:18.03 270.41354 53.321676 3.065 3.06 0.607 -14.639 0.057 3.4
desi_J235238.82+015033.85.fits 23:52:38.82+01:50:33.85 358.161753 1.842736 2.908 2.923 0.567 -12.212 0.24 4.6
